0 2_speed_gearbox
0 Name: 
0 Author: LEGO Digital Designer 4.3
1 71 249.999908 -118.000015 -59.999996 0 0 1 0 1 0 -1 0 0 4019.dat
1 71 269.999908 -117.999992 -59.999996 1 0 0 0 1 0 0 0 1 4519.dat
1 71 289.999878 -117.999992 -59.999992 0 0 1 0 1 0 -1 0 0 3648b.dat
1 2 220.000046 -8 -19.999981 0 0 1 0 1 0 -1 0 0 92438.dat
1 71 219.999985 -16 120.000015 1 0 0 0 1 0 0 0 1 3795.dat
1 71 219.999985 -23.999998 120.000015 1 0 0 0 1 0 0 0 1 3795.dat
1 71 259.999939 -48 120.000015 1 0 0 0 1 0 0 0 1 3003.dat
1 71 259.999939 -72 120.000015 1 0 0 0 1 0 0 0 1 3003.dat
1 71 259.999939 -95.999992 120.000015 1 0 0 0 1 0 0 0 1 3003.dat
1 71 219.999954 -104 120.000015 1 0 0 0 1 0 0 0 1 3795.dat
1 71 179.999924 -95.999992 120.000015 1 0 0 0 1 0 0 0 1 3003.dat
1 71 179.999939 -72 120.000015 1 0 0 0 1 0 0 0 1 3003.dat
1 71 179.999954 -48 120.000015 1 0 0 0 1 0 0 0 1 3003.dat
1 71 169.999954 -128 0 0 0 -1 0 1 0 1 0 0 32018.dat
1 71 219.999939 -104 -19.999996 1 0 0 0 1 0 0 0 1 3795.dat
1 71 179.999924 -96 -20.000019 1 0 0 0 1 0 0 0 1 3003.dat
1 71 179.999924 -72 -20.000008 1 0 0 0 1 0 0 0 1 3003.dat
1 71 179.999924 -48 -19.999996 1 0 0 0 1 0 0 0 1 3003.dat
1 71 219.999939 -23.999998 -19.999996 1 0 0 0 1 0 0 0 1 3795.dat
1 71 219.999939 -16 -19.999996 1 0 0 0 1 0 0 0 1 3795.dat
1 71 259.999908 -48 -20.000008 1 0 0 0 1 0 0 0 1 3003.dat
1 71 259.999908 -72 -20.000008 1 0 0 0 1 0 0 0 1 3003.dat
1 71 259.999908 -96 -20.000008 1 0 0 0 1 0 0 0 1 3003.dat
1 71 269.999939 -128 0.000012 0 0 -1 0 1 0 1 0 0 32018.dat
1 71 219.999939 -136 120.000015 1 0 0 0 1 0 0 0 1 3795.dat
1 72 150 -7.999999 -130 -1 0 0 0 1 0 0 0 -1 58124.dat
1 0 240.000015 -32 -119.999992 1 0 0 0 1 0 0 0 1 2456.dat
1 71 169.999954 -136 -79.999992 0 0 -1 0 1 0 1 0 0 3666.dat
1 71 169.999954 -144 -79.999992 0 0 -1 0 1 0 1 0 0 3666.dat
1 71 269.999939 -136 -79.999985 0 0 -1 0 1 0 1 0 0 3666.dat
1 71 269.999939 -144 -79.999985 0 0 -1 0 1 0 1 0 0 3666.dat
1 71 219.999939 -168 -130 1 0 0 0 1 0 0 0 1 3894.dat
1 71 219.999939 -168 -69.999985 1 0 0 0 1 0 0 0 1 3894.dat
1 4 300 -61.516308 -120.050743 -1 0 0 0 0.994947 -0.100406 0 -0.100406 -0.994947 32062.dat
1 71 310 -61.516308 -120.050743 0 0 1 -0.100406 0.994946 0 -0.994947 -0.100406 0 3648b.dat
1 71 189.999969 -118.018707 -60.135506 0 0 1 -0.271022 0.962573 0 -0.962573 -0.271022 0 4019.dat
1 71 169.999954 -118.018723 -60.135513 1 0 0 0 0.962575 0.271016 0 -0.271016 0.962575 4519.dat
1 71 147.499969 -118.018707 -60.135513 0 0 1 -0.271015 0.962575 0 -0.962575 -0.271015 0 3649.dat
1 71 189.999985 -118.001595 -99.96003 1 0 0 0 0.996798 -0.079956 0 0.079956 0.996798 4519.dat
1 4 219.999985 -118.539978 -99.501595 0 0 1 0.996798 -0.079956 0 0.079956 0.996798 0 6538B.dat
1 71 269.999969 -118.001602 -99.960037 1 0 0 0 0.996798 -0.079957 0 0.079957 0.996798 32073.dat
1 4 219.999985 -118.499985 -100.000015 0.079956 0 -0.996798 0.996799 0 0.079956 0 -1 0 6539.dat
1 71 309.999969 -118.001617 -99.960022 0 0 1 0.079958 0.996798 0 -0.996798 0.079958 0 3648b.dat
1 72 250 -118.016525 -100.127495 0 0 -1 0.254951 0.966954 0 0.966954 -0.254951 0 6542a.dat
1 72 189.999969 -118.998398 -100.040009 0 0 1 -0.080023 -0.996793 0 0.996793 -0.080023 0 6542a.dat
1 0 221.999985 -118.023285 19.849127 1 0 0 0 0.9534 0.301709 0 -0.301709 0.9534 3737.dat
1 71 287.499969 -118.023262 19.849154 0 0 1 -0.301709 0.9534 0 -0.9534 -0.301709 0 3649.dat
1 71 149.999939 -118.023277 19.849144 0 0 1 -0.301709 0.9534 0 -0.9534 -0.301709 0 3648b.dat
1 25 309.999969 -118.499985 20.00001 0 -1 0 0.9534 0 0.301708 -0.301708 0 0.9534 41669.dat
1 25 131.999954 -118.500008 20.000004 0 1 0 -0.9534 0 0.301709 0.301709 0 0.9534 41669.dat
1 0 219.999908 -158 -100 0 0 1 0 1 0 -1 0 0 3705.dat
1 14 219.999939 -158 -84.999985 1 0 0 0 1 0 0 0 1 32123a.dat
1 14 219.999939 -158 -115.000008 1 0 0 0 1 0 0 0 1 32123a.dat
1 4 219.999954 -179.000015 -99.499992 0 1 0 0 0 -1 -1 0 0 6641.dat
1 1 220.499969 -188.000015 -99.999985 0 1 0 1 0 0 0 0 -1 3749.dat
1 0 220.499969 -208.000015 -100 0 1 0 -1 0 0 0 0 1 75535.dat
1 0 219.499939 -228.000015 -100 0 -1 0 1 0 0 0 0 1 6628.dat
1 71 299.999939 -64 -120 0 0 -1 0 1 0 1 0 0 58120.dat